

3 012021201210201021012102012021012102120102012102120210 1
4 01202120102101201021201210120210201202101210201210120210121020120210 0
5 01210201021012021201020121012021012102010212021012102012021201210 0

7 0120210201021012010212012102010212010201202102012101202101210212010210120102120121020120210 0
8 01202120102012102010212012101201020120212010201210120210201202120102101210201021201210201021012102120210 0
9 012021020102101210201021202101201021012021201210120102101210201202101201020120210121020120212010210121021201020120210 0
10 0120212012102012021020102120121020120212010212021020102120121020120210201021202102012021201020120210201021201210201202120102120210 0
11 01202102010212021020121021201020120212012102010212010201210212021020120212012102012021020121021201020121020102120121021202102012021201020120210 0
12 012021201210120210121021201210201202101210212021012021201210201202102012101202101210201202120121012021012102120121012021201210201202120121012021012102120210 0

14 01202120121020120210121021202101202120121012021012102012021020121021202101202120121012021012102120210201202101210201210120212012102012021201210120210121021201210201202102012102120210 0
15 012102120121020120210201210120210121021201210120210121020121012021020121021201210120212012102120210121021201210120210121020120210201210120210121020120212012102120210121020121012021020121021201210 0
16 0121021201210120102012102010210120102012101201021012102012101201020121020102120121012010210121021201020121012010210121020102101201020121020102101210212010201210201021201210212010201210120102120121012010201210 0



20 01210212012101202120121020120210121021202101202120121012021012102012021020121012021012102012101202102012021012102120121012021012102012021201210120210121021201210120210201202101210212012101202101210201202120121012021020121021201210120212012102120210121021201210 0
21 012102120121012021012102012021020121012021201210201202102012102120121012021012102012021020121012021020120210121020120210201210120210121020121012021201210201202101210212012101202101210201202102012101202101210201202120121012021012102120121012021201210212021012102012021201210 0
22 0121021201210120212012102012021012102120121020120210201210120210121020120210201210212021012021201210120210121020120210201210120210121020120212012101202101210201210120210201202101210201202120121012021012102012021020121021201210120210121020121012021020121021202101210212012102012021201210 0